0222200022220020022222222022222222222222000220202202
0110100001010000000000000000000010011010000000101100
0001000010220020022222222022222222222222000220202202
0001000010220020022222222022222222222222000220202202
0002020020202220022222222022222222222222000220202202
0222200022010000000000000000000010011010000000101100
0000000100000001100000000000000000011000121000010000
1100101000000010011111011211111101100101010111000022
0000020000002202220200000000002000011000000020202201
0220220002020020022222022022222222222222020222202202
0000100000000010011111011211111101100101020112000220
