0222200022220020022222222022222222222222000220202202
0002000220200022222222222022222202222202222220020002
2202202020020020022222022222222222222222020222202202
0000010000002222222222022022222202222202020222202201
0110100001010000000000000000000010011010000000101100
0222200022010000000000000000000010011010000000101100
0222200022220020022222222022222222222222000220202202
0220220002022200000000000000000010011010000000101100
2200222000002222222222022222222202222202020222202201
0110100001010000000000000000000010011010000000101100
0220200202020002200000000000000020011020202000222200
0222200022220020022222222022222222222222000220202202
0220200002020000020200000000002020011020000020202202
0001000010220020022222222022222222222222000220202202
0220100002020020022222022222222222222222020222202220
2120102002020020022222022022222222222222020222202220
0110100001010000000000000000000010011010000000101100
0000200200000022222222022022222202222202222220020200
0222200022010000000000000000000010011010000000101100
0220100002020020022222022022222222222222000220202100
0220220002022200000000000000000010011010000000101100
2200202000000020012122022222221202222202020212000001
0220220002020020022222022022222222222222020222202202
0222200022010000000000000000000010011010000000101100
0001000010220020022222222022222222222222000220202202
0001000010100010011111111011111101100101000110000001
0001000010220020022222222022222222222222000220202202
0002000220200022222222222022222202222202202220020002
0002000220200022222222222022222202222202202220020002
0222200022220020022222222022222222222222000220202202
0002020020202220022222222022222222222222000220202202
0002020020020020022222022022222222222222020222202202
0002000220200022222222222022222202222202202220020002
0110100001010000000000000000000010011010000000101100
0000020000002202220200000000002000011000000020202201
2200222000000010011111011211111101100101010111000001
0222200022010000000000000000000010011010000000101100
0002200020200010011111211211111101100101020112000022
0002000220200022222222222022222202222202202220020002
0220220002022202200000000000000020011020000000101102
0000220000002220022222022022222222222222000220202100
2202202020020020022222022222222222222222020222202202
0110100001010000000000000000000010011010000000101100
2202202020200010011111211011111101100101020112000022
0001000010100010011111111011111101100101000110000001
2120102002020020022222022022222222222222020222202220
2200102000000010011111011211111101100101010111000010
2202202020020020022222022022222222222222020222202220
0002000220200022222222222022222202222202222220020002
2202202020020020022222022222222222222222020222202202
