0001000010100010011111111011111101100101000110000001
0110100001010000000000000000000010011010000000101100
0001000010100010011111111011111101100101010110000001
0000000100000001100000000000000000011000101000010000
0001000010010000000000000000000010011010000000101100
1100101000000010011111011111111101100101010111000001
0000010000001101100000000000000000011000000000101101
0000010000000010011111011011111101100101010111000001
0110100001010000000000000000000010011010000000101100
0110100001010000000000000000000010011010000000101100
0001000010010000000000000000000010011010000000101100
0110100001010000000000000000000010011010000000101100
0110100001010000000000000000000010011010000000101100
0001000010100010011111111011111101100101000110000001
0000010000001100000000000000000010011010000000101100
0110100001010000000000000000000010011010000000101100
1100101000000010011111011111111101100101010111000001
0000010000001101100000000000000000011000000000101101
0110100001010000000000000000000010011010000000101100
0110100001010000000000000000000010011010000000101100
0000000100000001100000000000000000011000101000010000
0110100001010000000000000000000010011010000000101100
0110100001010000000000000000000010011010000000101100
0001000010100010011111111011111101100101000110000001
0110100001010000000000000000000010011010000000101100
0000000000000000010100000000001000011000000010000001
0001000010100010011111111011111101100101000110000001
0001000010010000000000000000000010011010000000101100
0000100000000010011111011111111101100101010111000010
0110100001010000000000000000000010011010000000101100
1100101000000010011111011011111101100101010111000010
0110100001010000000000000000000010011010000000101100
0110100001010000000000000000000010011010000000101100
0110100001010000000000000000000010011010000000101100
0000100000000010011111011011111101100101010110000100
0000000100000001100000000000000000011000101000010000
0001000010010000000000000000000010011010000000101100
0110100001010000000000000000000010011010000000101100
0000100000000010011111011011111101100101000110000100
0110100001010000000000000000000010011010000000101100
0000010000001100000000000000000010011010000000101100
0110100001010000000000000000000010011010000000101100
0000000000000000010100000000001000011000000010000001
1100101000000010011111011111111101100101010111000001
0000010000000010011111011011111101100101010111000001
0110100001010000000000000000000010011010000000101100
0110100001010000000000000000000010011010000000101100
0001000010010000000000000000000010011010000000101100
0001000010100010011111111011111101100101000110000001
0001000010010000000000000000000010011010000000101100
0001000010100010011111111011111101100101000110000001
0001000010100010011111111011111101100101000110000001
0001000010010000000000000000000010011010000000101100
0001000010100010011111111011111101100101000110000001
0001000010100010011111111011111101100101000110000001
0000000100000001100000000000000000011000101000010000
0000000100000001100000000000000000011000101000010000
0001000010100010011111111011111101100101000110000001
0001000010100010011111111011111101100101000110000001
0110100001010000000000000000000010011010000000101100
0000010000001100000000000000000010011010000000101100
0001000010100010011111111011111101100101000110000001
0000010000000010011111011011111101100101010111000001
0001000010010000000000000000000010011010000000101100
0000000100000001100000000000000000011000101000010000
0001000010100010011111111011111101100101000110000001
0110100001010000000000000000000010011010000000101100
0110100001010000000000000000000010011010000000101100
0000010000001101100000000000000000011000000000101101
0000000000000000010100000000001000011000000010000001
0000010000000010011111011011111101100101010111000001
1100101000000010011111011111111101100101010111000001
0001000010010000000000000000000010011010000000101100
0110100001010000000000000000000010011010000000101100
0000100000000010011111011111111101100101010111000010
0001000010100010011111111011111101100101000110000001
0000000100000001100000000000000000011000101000010000
0001000010100010011111111011111101100101000110000001
0000010000001101100000000000000000011000000000101101
0110100001010000000000000000000010011010000000101100
0000100000000010011111011011111101100101000110000100
0000010000001100000000000000000010011010000000101100
0001000010010000000000000000000010011010000000101100
1100101000000010011111011111111101100101010111000001
0110100001010000000000000000000010011010000000101100
0110100001010000000000000000000010011010000000101100
1100101000000010011111011011111101100101010111000010
0001000010100010011111111011111101100101000110000001
0001000010100010011111111011111101100101000110000001
0001000010100010011111111011111101100101000110000001
1100101000000010011111011011111101100101010111000010
0110100001010000000000000000000010011010000000101100
0000100000000010011111011111111101100101010111000010
1100101000000010011111011011111101100101010111000010
1100101000000010011111011011111101100101010111000010
0001000010010000000000000000000010011010000000101100
0000000100000001100000000000000000011000111000010000
0001000010100010011111111011111101100101000110000001
1100101000000010011111011111111101100101010111000001
0001000010010000000000000000000010011010000000101100
