0110100001010000010100000000000000011000000000100101
0001000010100010001011111011111111100111000110001000
0110100001010000000000000000000010011010000000101100
0110100001010000000000000000000010011010000000101100
0001000010010000010000000000001000011000000000000001
0001000010100010001111111011110111100111000110101100
0001000010100010001111111011110111000111000110101100
0001000010010000010000000000001000011000000000000001
0000010000001100000000000000000000011000000010001101
0001000010100010011111111011111111100111000100100000
1100011011000001101011101010110111110100100001001110
1111000110010001011010000100100111100101110001110010
0000000100111000100011000111111010110101000000011111
1101101011011001111010101111110101011110011101011110
1000111100001011101110000010010010110000101000000110
1100101101100101000010000001101001110110000101001101
1010100001110011100001110111111001101111001111001000
1110111000101101011000101100110101010101110010010000
0111010010100011001110000100110001100000110011101000
0000100110100010110001010011111010011011110101000101
1000100110111001011101011101001000001000100011010111
0010111011000011111100010001010110011110101100011000
